1032 672 120 48 30 15 Sell 0
1032 60 50 50 10 5 Laser1 1
1092 60 50 50 10 5 Laser2 1
1152 60 50 50 10 5 Laser3 1
1212 60 50 50 10 5 Laser4 1
1272 60 50 50 10 5 Laser5 1
1032 120 50 50 10 5 Laser6 1
1092 120 50 50 10 5 Laser7 1
1152 120 50 50 10 5 Laser8 1
1212 120 50 50 10 5 Laser9 1
1272 120 50 50 10 5 Laser0 1
1032 230 170 50 15 20 ChangeTarget 1
1032 290 170 50 15 20 LaunchEnemy 1
1212 230 110 50 15 20 Debug 1
1212 290 110 50 15 20 Clear 1
1032 350 290 50 15 20 Exit 1


x, y, width, height, font size, offset, text, visible